$ANSIBLE_VAULT;1.1;AES256
65336461663133376434336664663339353134353962386164386533653630663937336664633364
3530393137613136653063306536653437666364383462630a336139313238306537313363656433
33626135343963666163646330343136303932333061306634633662396130373734626531616364
3435643033623137660a353166666433633666326334326137346533316439336662636665653534
36346262656566306539633565336339383064336363643634626437303261633663343330316439
36393764316233393331616638366233313062633063623763663265623235336262623631666636
31393638373964633863336231333035336561636165306133356235393333303562326266646131
37323961313834336234653831393434383738303066633432303234356261353263343737633135
33346534306239616530633738376430336662353731643330363361386337363338663365356366
30633861323032353037313330623038343264336634663666646132363063393364323234366534
64653264663939656336333037383963363261333736303230666639613838616637633465333835
30656436643238623137353734623832656134643965313732376566353062396131386662366435
62393564643234626534323161623762323431396562353237646539633539383230333061303265
3565663239383730646437383965616563326136333464633964
